Per-stop aggregate (ceiling=0.7%, profit_zone=0.6%):
   stop%  w_ceil  w_stop  stopped    inc   win%  avg_bank    gross_p    gross_l         net
  ------  ------  ------  -------  -----  -----  --------  ---------  ---------  ----------
    0.07    1525     177     6218      3  21.5%    0.6942   +1181.58    -435.26     +746.32
    0.11    1831     202     5887      3  25.7%    0.6948   +1412.55    -647.57     +764.98
    0.15    2083     216     5619      5  29.0%    0.6951   +1598.07    -842.85     +755.22
    0.19    2335     227     5356      5  32.3%    0.6955   +1781.75   -1017.64     +764.11
    0.23    2524     258     5136      5  35.1%    0.6952   +1934.11   -1181.28     +752.83
    0.27    2732     266     4919      6  37.8%    0.6954   +2084.73   -1328.13     +756.60
    0.31    2896     262     4758      7  39.9%    0.6957   +2197.02   -1474.98     +722.04
    0.35    3055     274     4587      7  42.0%    0.6957   +2316.01   -1605.45     +710.56
    0.39    3213     271     4431      8  44.0%    0.6960   +2424.70   -1728.09     +696.61
    0.43    3346     273     4296      8  45.7%    0.6961   +2519.31   -1847.28     +672.03
    0.47    3466     279     4169      9  47.3%    0.6962   +2607.14   -1959.43     +647.71
    0.51    3611     281     4021     10  49.1%    0.6963   +2710.09   -2050.71     +659.38
    0.55    3742     277     3893     11  50.7%    0.6965   +2799.22   -2141.15     +658.07
    0.59    3852     275     3785     11  52.1%    0.6966   +2874.88   -2233.15     +641.73
    0.63    3961     274     3677     11  53.5%    0.6967   +2950.41   -2316.51     +633.90
    0.67    4058     281     3572     12  54.8%    0.6966   +3022.76   -2393.24     +629.52
    0.71    4161     282     3467     13  56.1%    0.6967   +3095.53   -2461.57     +633.96
    0.75    4262     282     3366     13  57.4%    0.6968   +3166.31   -2524.50     +641.81
    0.79    4349     275     3284     15  58.4%    0.6969   +3222.63   -2594.36     +628.27
    0.83    4419     275     3213     16  59.2%    0.6970   +3271.84   -2666.79     +605.05
    0.87    4515     272     3119     17  60.4%    0.6971   +3337.19   -2713.53     +623.66
    0.91    4617     268     3021     17  61.7%    0.6972   +3406.01   -2749.11     +656.90
    0.95    4698     264     2942     19  62.6%    0.6973   +3459.99   -2794.90     +665.09
    0.99    4789     255     2860     19  63.7%    0.6974   +3517.73   -2831.40     +686.33
    1.03    4862     248     2793     20  64.5%    0.6975   +3564.28   -2876.79     +687.49
    1.07    4918     244     2741     20  65.2%    0.6976   +3600.89   -2932.87     +668.02
    1.11    4991     237     2675     20  66.0%    0.6977   +3647.43   -2969.25     +678.18
    1.15    5065     234     2604     20  66.9%    0.6977   +3697.21   -2994.60     +702.61
    1.19    5132     231     2539     21  67.7%    0.6978   +3742.37   -3021.41     +720.96
    1.23    5193     228     2481     21  68.4%    0.6978   +3782.98   -3051.63     +731.35
    1.27    5264     221     2417     21  69.2%    0.6979   +3828.16   -3069.59     +758.57
    1.31    5321     224     2356     22  70.0%    0.6979   +3869.96   -3086.36     +783.60
    1.35    5377     225     2298     23  70.7%    0.6979   +3909.85   -3102.30     +807.55
    1.39    5430     224     2246     23  71.4%    0.6980   +3946.25   -3121.94     +824.31
    1.43    5479     226     2194     24  72.0%    0.6980   +3981.89   -3137.42     +844.47
    1.47    5522     229     2147     25  72.6%    0.6980   +4014.05   -3156.09     +857.96
    1.51    5568     233     2096     26  73.2%    0.6980   +4048.92   -3164.96     +883.96


Per-stop aggregate (ceiling=1.4%, profit_zone=0.6%):
   stop%  w_ceil  w_stop  stopped    inc   win%  avg_bank    gross_p    gross_l         net
  ------  ------  ------  -------  -----  -----  --------  ---------  ---------  ----------
    0.07     861     841     6217      3  21.5%    1.1632   +1979.81    -435.19    +1544.62
    0.11    1048     984     5885      5  25.7%    1.1721   +2381.68    -647.35    +1734.33
    0.15    1202    1096     5617      7  29.0%    1.1790   +2709.32    -842.55    +1866.77
    0.19    1359    1202     5353      8  32.3%    1.1836   +3031.11   -1017.07    +2014.04
    0.23    1503    1278     5132      9  35.1%    1.1852   +3295.93   -1180.36    +2115.57
    0.27    1657    1340     4915     10  37.8%    1.1917   +3571.38   -1327.05    +2244.33
    0.31    1778    1379     4755     10  39.9%    1.1981   +3782.50   -1474.05    +2308.45
    0.35    1891    1437     4584     10  42.0%    1.2005   +3995.14   -1604.40    +2390.74
    0.39    2022    1461     4428     11  44.0%    1.2070   +4203.92   -1726.92    +2477.00
    0.43    2126    1491     4292     13  45.7%    1.2113   +4381.21   -1845.56    +2535.65
    0.47    2227    1513     4166     16  47.2%    1.2156   +4546.48   -1958.02    +2588.46
    0.51    2342    1542     4017     21  49.0%    1.2203   +4739.55   -2048.67    +2690.88
    0.55    2425    1581     3890     26  50.6%    1.2228   +4898.58   -2139.50    +2759.08
    0.59    2524    1584     3780     34  51.9%    1.2275   +5042.60   -2230.20    +2812.40
    0.63    2611    1600     3672     39  53.2%    1.2307   +5182.39   -2313.36    +2869.03
    0.67    2699    1611     3566     46  54.4%    1.2331   +5314.48   -2389.22    +2925.26
    0.71    2786    1627     3462     47  55.7%    1.2357   +5453.29   -2458.02    +2995.27
    0.75    2880    1631     3360     51  56.9%    1.2385   +5586.68   -2520.00    +3066.68
    0.79    2967    1621     3280     54  57.9%    1.2422   +5699.04   -2591.20    +3107.84
    0.83    3038    1619     3210     55  58.8%    1.2450   +5797.90   -2664.30    +3133.60
    0.87    3143    1605     3117     57  59.9%    1.2500   +5934.78   -2711.79    +3222.99
    0.91    3239    1603     3018     62  61.1%    1.2532   +6068.23   -2746.38    +3321.85
    0.95    3328    1589     2941     64  62.1%    1.2577   +6184.24   -2793.95    +3390.29
    0.99    3407    1591     2859     65  63.1%    1.2610   +6302.51   -2830.41    +3472.10
    1.03    3485    1575     2793     69  63.9%    1.2651   +6401.48   -2876.79    +3524.69
    1.07    3541    1567     2739     75  64.5%    1.2672   +6472.65   -2930.73    +3541.92
    1.11    3605    1555     2673     89  65.1%    1.2700   +6553.23   -2967.03    +3586.20
    1.15    3660    1559     2602    101  65.9%    1.2715   +6635.88   -2992.30    +3643.58
    1.19    3714    1558     2538    112  66.5%    1.2731   +6711.71   -3020.22    +3691.49
    1.23    3764    1556     2480    122  67.2%    1.2741   +6778.22   -3050.40    +3727.82
    1.27    3832    1545     2415    130  67.9%    1.2769   +6865.84   -3067.05    +3798.79
    1.31    3889    1547     2355    131  68.6%    1.2779   +6946.56   -3085.05    +3861.51
    1.35    3950    1537     2298    137  69.3%    1.2795   +7020.82   -3102.30    +3918.52
    1.39    3998    1539     2246    139  69.9%    1.2805   +7090.28   -3121.94    +3968.34
    1.43    4055    1529     2193    145  70.5%    1.2821   +7159.24   -3135.99    +4023.25
    1.47    4107    1518     2145    152  71.0%    1.2835   +7219.88   -3153.15    +4066.73
    1.51    4155    1513     2093    161  71.5%    1.2845   +7280.74   -3160.43    +4120.31
	
	
	Per-stop aggregate (ceiling=1.2%, profit_zone=0.6%):
   stop%  w_ceil  w_stop  stopped    inc   win%  avg_bank    gross_p    gross_l         net
  ------  ------  ------  -------  -----  -----  --------  ---------  ---------  ----------
    0.07     996     706     6218      3  21.5%    1.0545   +1794.84    -435.26    +1359.58
    0.11    1216     816     5886      5  25.6%    1.0615   +2156.89    -647.46    +1509.43
    0.15    1400     898     5618      7  29.0%    1.0667   +2451.30    -842.70    +1608.60
    0.19    1582     979     5354      8  32.3%    1.0696   +2739.17   -1017.26    +1721.91
    0.23    1735    1047     5132      9  35.1%    1.0696   +2975.69   -1180.36    +1795.33
    0.27    1900    1098     4915     10  37.8%    1.0739   +3219.67   -1327.05    +1892.62
    0.31    2029    1129     4755     10  39.9%    1.0784   +3405.52   -1474.05    +1931.47
    0.35    2154    1175     4584     10  42.0%    1.0798   +3594.51   -1604.40    +1990.11
    0.39    2290    1194     4428     11  44.0%    1.0841   +3776.89   -1726.92    +2049.97
    0.43    2405    1214     4292     12  45.7%    1.0869   +3933.37   -1845.56    +2087.81
    0.47    2516    1229     4166     12  47.3%    1.0898   +4081.32   -1958.02    +2123.30
    0.51    2643    1249     4017     14  49.1%    1.0930   +4254.09   -2048.67    +2205.42
    0.55    2736    1283     3890     14  50.7%    1.0953   +4402.02   -2139.50    +2262.52
    0.59    2843    1284     3780     16  52.1%    1.0984   +4533.09   -2230.20    +2302.89
    0.63    2932    1300     3672     19  53.4%    1.1006   +4657.78   -2313.36    +2344.42
    0.67    3022    1309     3566     26  54.7%    1.1018   +4772.05   -2389.22    +2382.83
    0.71    3114    1320     3462     27  56.0%    1.1036   +4893.25   -2458.02    +2435.23
    0.75    3202    1330     3360     31  57.2%    1.1052   +5008.93   -2520.00    +2488.93
    0.79    3281    1328     3280     34  58.2%    1.1074   +5104.05   -2591.20    +2512.85
    0.83    3351    1327     3210     35  59.0%    1.1092   +5188.79   -2664.30    +2524.49
    0.87    3458    1311     3117     37  60.2%    1.1123   +5304.62   -2711.79    +2592.83
    0.91    3555    1308     3018     42  61.4%    1.1143   +5418.65   -2746.38    +2672.27
    0.95    3644    1294     2941     44  62.3%    1.1172   +5516.70   -2793.95    +2722.75
    0.99    3728    1291     2859     45  63.3%    1.1195   +5618.60   -2830.41    +2788.19
    1.03    3811    1274     2793     45  64.2%    1.1223   +5706.80   -2876.79    +2830.01
    1.07    3869    1268     2739     47  64.8%    1.1236   +5772.00   -2930.73    +2841.27
    1.11    3941    1260     2673     49  65.6%    1.1257   +5854.60   -2967.03    +2887.57
    1.15    4002    1264     2602     55  66.5%    1.1267   +5933.18   -2992.30    +2940.88
    1.19    4063    1263     2538     59  67.2%    1.1277   +6006.31   -3020.22    +2986.09
    1.23    4110    1264     2480     69  67.8%    1.1282   +6063.01   -3050.40    +3012.61
    1.27    4176    1255     2415     77  68.5%    1.1300   +6137.05   -3067.05    +3070.00
    1.31    4235    1255     2355     78  69.3%    1.1304   +6206.01   -3085.05    +3120.96
    1.35    4295    1246     2298     84  69.9%    1.1312   +6268.11   -3102.30    +3165.81
    1.39    4344    1247     2246     86  70.6%    1.1318   +6327.88   -3121.94    +3205.94
    1.43    4401    1237     2193     92  71.2%    1.1326   +6385.44   -3135.99    +3249.45
    1.47    4452    1227     2145     99  71.7%    1.1332   +6435.69   -3153.15    +3282.54
    1.51    4500    1222     2093    108  72.2%    1.1337   +6486.95   -3160.43    +3326.52


Per-stop aggregate (ceiling=1.0%, profit_zone=0.6%):
   stop%  w_ceil  w_stop  stopped    inc   win%  avg_bank    gross_p    gross_l         net
  ------  ------  ------  -------  -----  -----  --------  ---------  ---------  ----------
    0.07    1164     539     6217      4  21.5%    0.9282   +1580.74    -435.19    +1145.55
    0.11    1415     619     5884      6  25.7%    0.9325   +1896.78    -647.24    +1249.53
    0.15    1623     677     5616      8  29.0%    0.9356   +2151.98    -842.40    +1309.58
    0.19    1826     737     5353      8  32.3%    0.9374   +2402.47   -1017.07    +1385.40
    0.23    1982     801     5133      8  35.1%    0.9368   +2607.17   -1180.59    +1426.58
    0.27    2164     836     4915      9  37.9%    0.9391   +2817.31   -1327.05    +1490.26
    0.31    2306     854     4753     11  39.9%    0.9417   +2975.72   -1473.43    +1502.29
    0.35    2441     890     4582     11  42.0%    0.9422   +3138.59   -1603.70    +1534.89
    0.39    2590     896     4427     11  44.0%    0.9445   +3292.46   -1726.53    +1565.93
    0.43    2711     910     4290     13  45.7%    0.9458   +3424.57   -1844.70    +1579.87
    0.47    2833     914     4163     14  47.3%    0.9473   +3549.36   -1956.61    +1592.75
    0.51    2972     922     4015     15  49.1%    0.9489   +3695.13   -2047.65    +1647.48
    0.55    3091     930     3887     16  50.7%    0.9505   +3822.04   -2137.85    +1684.19
    0.59    3202     927     3778     17  52.1%    0.9521   +3931.23   -2229.02    +1702.21
    0.63    3310     927     3669     18  53.5%    0.9535   +4039.91   -2311.47    +1728.44
    0.67    3408     933     3565     18  54.8%    0.9540   +4141.42   -2388.55    +1752.87
    0.71    3507     938     3461     18  56.1%    0.9549   +4244.64   -2457.31    +1787.33
    0.75    3603     942     3360     19  57.4%    0.9558   +4344.01   -2520.00    +1824.01
    0.79    3685     935     3280     24  58.3%    0.9570   +4421.12   -2591.20    +1829.92
    0.83    3760     928     3209     27  59.2%    0.9578   +4490.36   -2663.47    +1826.89
    0.87    3864     915     3116     29  60.3%    0.9595   +4585.45   -2710.92    +1874.54
    0.91    3961     915     3018     30  61.5%    0.9604   +4682.70   -2746.38    +1936.32
    0.95    4054     898     2940     32  62.5%    0.9619   +4763.48   -2793.00    +1970.48
    0.99    4144     889     2857     34  63.5%    0.9632   +4847.84   -2828.43    +2019.41
    1.03    4230     869     2791     34  64.3%    0.9646   +4918.73   -2874.73    +2044.00
    1.07    4285     866     2739     34  65.0%    0.9653   +4972.40   -2930.73    +2041.67
    1.11    4361     854     2673     36  65.8%    0.9665   +5040.51   -2967.03    +2073.48
    1.15    4426     854     2601     43  66.6%    0.9672   +5106.78   -2991.15    +2115.63
    1.19    4485     855     2537     47  67.4%    0.9678   +5167.79   -3019.03    +2148.76
    1.23    4535     858     2479     52  68.1%    0.9680   +5220.65   -3049.17    +2171.48
    1.27    4610     844     2415     55  68.8%    0.9691   +5285.30   -3067.05    +2218.25
    1.31    4667     847     2355     55  69.6%    0.9692   +5344.21   -3085.05    +2259.16
    1.35    4727     844     2296     57  70.3%    0.9695   +5401.28   -3099.60    +2301.68
    1.39    4778     844     2244     58  70.9%    0.9698   +5452.16   -3119.16    +2333.00
    1.43    4826     843     2191     64  71.5%    0.9700   +5498.89   -3133.13    +2365.76
    1.47    4870     840     2144     70  72.1%    0.9701   +5539.17   -3151.68    +2387.49
    1.51    4917     836     2093     78  72.6%    0.9701   +5580.83   -3160.43    +2420.40

