
Per-stop aggregate (ceiling=0.7%, profit_zone=0.6%):
   stop%  w_ceil  w_stop  stopped    inc   win%  avg_bank    gross_p    gross_l         net
  ------  ------  ------  -------  -----  -----  --------  ---------  ---------  ----------
    0.07     134      27     1058      4  13.2%    0.6918    +111.39     -74.06      +37.33
    0.11     198      33      988      4  18.9%    0.6932    +160.14    -108.68      +51.46
    0.15     264      40      914      5  24.9%    0.6936    +210.87    -137.10      +73.77
    0.19     323      37      857      6  29.4%    0.6953    +250.32    -162.83      +87.49
    0.23     349      43      824      7  32.1%    0.6943    +272.15    -189.52      +82.63
    0.27     388      45      783      7  35.4%    0.6945    +300.73    -211.41      +89.32
    0.31     413      47      755      8  37.6%    0.6948    +319.59    -234.05      +85.54
    0.35     436      49      730      8  39.7%    0.6947    +336.91    -255.50      +81.41
    0.39     465      48      701      9  41.9%    0.6950    +356.56    -273.39      +83.17
    0.43     481      55      678      9  43.8%    0.6948    +372.44    -291.54      +80.90
    0.47     505      57      652      9  46.0%    0.6948    +390.50    -306.44      +84.06
    0.51     532      54      628      9  47.9%    0.6955    +407.59    -320.28      +87.31
    0.55     558      54      602      9  50.0%    0.6957    +425.79    -331.10      +94.69
    0.59     579      54      580     10  51.8%    0.6959    +440.49    -342.20      +98.29
    0.63     600      54      559     10  53.5%    0.6960    +455.19    -352.17     +103.02
    0.67     615      54      543     11  54.7%    0.6961    +465.69    -363.81     +101.88
    0.71     635      55      521     12  56.4%    0.6962    +480.34    -369.91     +110.43
    0.75     643      56      511     13  57.2%    0.6961    +486.56    -383.25     +103.31
    0.79     656      53      501     13  58.0%    0.6963    +493.67    -395.79      +97.88
    0.83     666      51      492     14  58.6%    0.6965    +499.40    -408.36      +91.04
    0.87     675      50      484     14  59.3%    0.6967    +505.10    -421.08      +84.02
    0.91     682      50      477     14  59.9%    0.6967    +510.00    -434.07      +75.93
    0.95     690      49      468     16  60.4%    0.6968    +514.91    -444.60      +70.31
    0.99     696      45      466     16  60.6%    0.6970    +516.44    -461.34      +55.10
    1.03     703      42      461     17  60.9%    0.6972    +519.45    -474.83      +44.62
    1.07     708      42      455     18  61.3%    0.6973    +522.95    -486.85      +36.10
    1.11     717      42      445     19  62.1%    0.6973    +529.25    -493.95      +35.30
    1.15     738      40      425     20  63.6%    0.6975    +542.62    -488.75      +53.87
    1.19     753      37      412     21  64.6%    0.6978    +551.24    -490.28      +60.96
    1.23     765      37      399     22  65.6%    0.6978    +559.64    -490.77      +68.87
    1.27     776      37      387     23  66.5%    0.6978    +567.34    -491.49      +75.85
    1.31     780      37      383     23  66.8%    0.6978    +570.14    -501.73      +68.41
    1.35     789      37      374     23  67.5%    0.6979    +576.44    -504.90      +71.54
    1.39     799      37      364     23  68.4%    0.6979    +583.44    -505.96      +77.48
    1.43     806      37      356     24  68.9%    0.6979    +588.34    -509.08      +79.26
    1.47     811      37      351     24  69.3%    0.6979    +591.84    -515.97      +75.87
    1.51     821      37      341     24  70.2%    0.6980    +598.84    -514.91      +83.93


Per-stop aggregate (ceiling=1.4%, profit_zone=0.6%):
   stop%  w_ceil  w_stop  stopped    inc   win%  avg_bank    gross_p    gross_l         net
  ------  ------  ------  -------  -----  -----  --------  ---------  ---------  ----------
    0.07      85      74     1063      6  12.9%    1.1487    +182.64     -74.41     +108.23
    0.11     133      96      993      6  18.6%    1.1819    +270.66    -109.23     +161.43
    0.15     169     132      918      9  24.5%    1.1821    +355.83    -137.70     +218.13
    0.19     208     150      860     10  29.2%    1.1973    +428.63    -163.40     +265.23
    0.23     225     165      827     11  31.8%    1.1911    +464.53    -190.21     +274.32
    0.27     254     176      786     12  35.0%    1.1974    +514.87    -212.22     +302.65
    0.31     274     183      758     13  37.2%    1.2031    +549.80    -234.98     +314.82
    0.35     292     191      732     13  39.3%    1.2051    +582.08    -256.20     +325.88
    0.39     313     196      705     14  41.4%    1.2105    +616.16    -274.95     +341.21
    0.43     321     211      682     14  43.3%    1.2049    +641.02    -293.26     +347.76
    0.47     336     222      656     14  45.4%    1.2073    +673.68    -308.32     +365.36
    0.51     348     236      630     14  47.6%    1.2138    +708.84    -321.30     +387.54
    0.55     361     249      604     14  49.7%    1.2142    +740.64    -332.20     +408.44
    0.59     375     256      582     15  51.4%    1.2168    +767.79    -343.38     +424.41
    0.63     386     267      560     15  53.2%    1.2163    +794.23    -352.80     +441.43
    0.67     400     268      544     16  54.4%    1.2201    +815.03    -364.48     +450.55
    0.71     415     274      522     17  56.1%    1.2218    +841.85    -370.62     +471.23
    0.75     425     273      512     18  56.8%    1.2252    +855.17    -384.00     +471.17
    0.79     440     268      502     18  57.7%    1.2323    +872.47    -396.58     +475.89
    0.83     452     264      493     19  58.3%    1.2377    +886.19    -409.19     +477.00
    0.87     462     262      485     19  59.0%    1.2412    +898.64    -421.95     +476.69
    0.91     470     261      478     19  59.5%    1.2438    +909.24    -434.98     +474.26
    0.95     483     255      469     21  60.1%    1.2511    +923.34    -445.55     +477.79
    0.99     489     250      467     22  60.2%    1.2561    +928.24    -462.33     +465.91
    1.03     496     242      462     28  60.1%    1.2609    +930.51    -475.86     +454.65
    1.07     501     232      456     39  59.7%    1.2612    +924.44    -487.92     +436.52
    1.11     504     218      446     60  58.8%    1.2649    +913.28    -495.06     +418.22
    1.15     512     214      426     76  59.1%    1.2686    +920.99    -489.90     +431.09
    1.19     517     206      412     93  58.9%    1.2730    +920.37    -490.28     +430.09
    1.23     526     196      399    107  58.8%    1.2756    +920.98    -490.77     +430.21
    1.27     535     190      387    116  59.0%    1.2781    +926.59    -491.49     +435.10
    1.31     540     186      383    119  59.1%    1.2804    +929.57    -501.73     +427.84
    1.35     549     180      374    125  59.4%    1.2832    +935.43    -504.90     +430.53
    1.39     557     180      364    127  60.0%    1.2848    +946.87    -505.96     +440.91
    1.43     563     173      356    136  59.9%    1.2884    +948.26    -509.08     +439.18
    1.47     571     163      351    143  59.8%    1.2936    +949.53    -515.97     +433.56
    1.51     582     153      341    152  59.9%    1.2998    +955.36    -514.91     +440.45



Per-stop aggregate (ceiling=1.2%, profit_zone=0.6%):
   stop%  w_ceil  w_stop  stopped    inc   win%  avg_bank    gross_p    gross_l         net
  ------  ------  ------  -------  -----  -----  --------  ---------  ---------  ----------
    0.07      95      64     1063      4  13.0%    1.0329    +164.22     -74.41      +89.81
    0.11     150      79      992      5  18.7%    1.0578    +242.25    -109.12     +133.13
    0.15     197     103      919      7  24.5%    1.0617    +318.51    -137.85     +180.66
    0.19     242     114      860     10  29.0%    1.0726    +381.86    -163.40     +218.46
    0.23     262     126      828     10  31.6%    1.0677    +414.25    -190.44     +223.81
    0.27     292     136      786     12  34.9%    1.0720    +458.79    -212.22     +246.57
    0.31     312     144      757     13  37.2%    1.0757    +490.53    -234.67     +255.86
    0.35     330     152      731     13  39.3%    1.0772    +519.20    -255.85     +263.35
    0.39     353     155      704     14  41.4%    1.0807    +548.99    -274.56     +274.43
    0.43     364     167      681     14  43.3%    1.0772    +572.00    -292.83     +279.17
    0.47     381     175      656     14  45.4%    1.0792    +600.05    -308.32     +291.73
    0.51     403     180      629     14  47.6%    1.0859    +633.08    -320.79     +312.29
    0.55     418     191      603     14  49.7%    1.0873    +662.19    -331.65     +330.54
    0.59     435     195      581     15  51.4%    1.0897    +686.50    -342.79     +343.71
    0.63     446     205      560     15  53.1%    1.0902    +709.72    -352.80     +356.92
    0.67     460     206      544     16  54.3%    1.0927    +727.73    -364.48     +363.25
    0.71     475     212      523     16  56.0%    1.0940    +751.55    -371.33     +380.22
    0.75     485     211      513     17  56.8%    1.0961    +762.86    -384.75     +378.11
    0.79     500     206      502     18  57.6%    1.1008    +777.16    -396.58     +380.58
    0.83     512     202      493     19  58.2%    1.1043    +788.48    -409.19     +379.29
    0.87     523     199      485     19  58.9%    1.1071    +799.34    -421.95     +377.39
    0.91     531     198      478     19  59.5%    1.1088    +808.34    -434.98     +373.36
    0.95     544     192      470     20  60.0%    1.1139    +819.83    -446.50     +373.33
    0.99     551     187      467     21  60.2%    1.1175    +824.73    -462.33     +362.40
    1.03     560     182      463     21  60.5%    1.1214    +832.07    -476.89     +355.18
    1.07     565     182      456     23  60.9%    1.1219    +838.07    -487.92     +350.15
    1.11     578     178      446     24  61.7%    1.1254    +850.82    -495.06     +355.76
    1.15     599     176      426     25  63.2%    1.1286    +874.69    -489.90     +384.79
    1.19     613     171      413     29  63.9%    1.1317    +887.25    -491.47     +395.78
    1.23     618     164      399     45  63.8%    1.1318    +885.07    -490.77     +394.30
    1.27     624     160      388     54  63.9%    1.1324    +887.79    -492.76     +395.03
    1.31     631     154      383     58  64.0%    1.1330    +889.41    -501.73     +387.68
    1.35     640     148      374     64  64.3%    1.1338    +893.47    -504.90     +388.57
    1.39     649     147      364     66  64.9%    1.1347    +903.22    -505.96     +397.26
    1.43     655     142      357     72  65.0%    1.1358    +905.27    -510.51     +394.76
    1.47     661     132      351     82  64.7%    1.1386    +902.92    -515.97     +386.95
    1.51     672     122      341     91  64.8%    1.1417    +906.55    -514.91     +391.64


Per-stop aggregate (ceiling=1.0%, profit_zone=0.6%):
   stop%  w_ceil  w_stop  stopped    inc   win%  avg_bank    gross_p    gross_l         net
  ------  ------  ------  -------  -----  -----  --------  ---------  ---------  ----------
    0.07     101      58     1064      4  13.0%    0.9097    +144.64     -74.48      +70.16
    0.11     157      72      992      6  18.7%    0.9237    +211.53    -109.12     +102.41
    0.15     205      95      919      8  24.4%    0.9274    +278.21    -137.85     +140.36
    0.19     250     106      860     11  29.0%    0.9341    +332.55    -163.40     +169.15
    0.23     270     118      828     11  31.6%    0.9303    +360.95    -190.44     +170.51
    0.27     303     125      786     13  34.9%    0.9322    +398.98    -212.22     +186.76
    0.31     327     129      757     14  37.2%    0.9344    +426.08    -234.67     +191.41
    0.35     349     133      731     14  39.3%    0.9349    +450.63    -255.85     +194.78
    0.39     372     136      704     15  41.4%    0.9367    +475.84    -274.56     +201.28
    0.43     387     144      681     15  43.3%    0.9350    +496.47    -292.83     +203.64
    0.47     409     147      656     15  45.3%    0.9365    +520.71    -308.32     +212.39
    0.51     435     148      629     15  47.5%    0.9412    +548.74    -320.79     +227.95
    0.55     455     154      603     15  49.6%    0.9430    +574.27    -331.65     +242.62
    0.59     474     156      581     16  51.3%    0.9445    +595.02    -342.79     +252.23
    0.63     493     158      560     16  53.1%    0.9454    +615.45    -352.80     +262.65
    0.67     509     157      544     17  54.3%    0.9469    +630.64    -364.48     +266.16
    0.71     526     161      523     17  56.0%    0.9479    +651.24    -371.33     +279.91
    0.75     538     158      513     18  56.7%    0.9489    +660.41    -384.75     +275.66
    0.79     553     153      502     19  57.5%    0.9514    +671.72    -396.58     +275.14
    0.83     565     149      493     20  58.2%    0.9533    +680.64    -409.19     +271.45
    0.87     576     146      485     20  58.8%    0.9547    +689.29    -421.95     +267.34
    0.91     584     145      478     20  59.4%    0.9557    +696.69    -434.98     +261.71
    0.95     597     139      470     21  60.0%    0.9587    +705.58    -446.50     +259.08
    0.99     604     134      467     22  60.1%    0.9608    +709.09    -462.33     +246.76
    1.03     613     129      463     22  60.5%    0.9631    +714.62    -476.89     +237.73
    1.07     618     129      456     24  60.9%    0.9633    +719.62    -487.92     +231.70
    1.11     631     125      446     25  61.6%    0.9653    +729.77    -495.06     +234.71
    1.15     652     123      426     26  63.2%    0.9670    +749.45    -489.90     +259.55
    1.19     668     120      413     26  64.2%    0.9690    +763.57    -491.47     +272.10
    1.23     680     120      399     28  65.2%    0.9695    +775.57    -490.77     +284.80
    1.27     691     120      388     28  66.1%    0.9699    +786.57    -492.76     +293.81
    1.31     695     120      383     29  66.4%    0.9700    +790.57    -501.73     +288.84
    1.35     704     120      374     29  67.2%    0.9704    +799.57    -504.90     +294.67
    1.39     713     120      364     30  67.9%    0.9707    +808.57    -505.96     +302.61
    1.43     715     119      357     36  68.0%    0.9708    +809.63    -510.51     +299.12
    1.47     718     112      351     46  67.6%    0.9712    +806.12    -515.97     +290.15
    1.51     729     102      341     55  67.7%    0.9718    +807.55    -514.91     +292.64
